21
21
1
21
25
21
21
21
21
31
21
30
21
30
21
21
21
21
21
30
21
30
50
60
100
300
21
30
21
30
21
30
-4
10
-10
21
30
21
-9
1
21
21
21
31
11
21
31
11
21
51
21
21
21
31
11
21
31
11
21
31
11
73
73
73
21
31
11
73
73
73
21
31
11
73
83
93
21
31
11
73
73
73
21
42
21
42
21
53
21
31
21
41
21
31
51
21
31
51
21
31
51
21
31
51
130
130
130
21
31
51
130
130
130
21
31
51
21
31
51
21.0
21.0
5.0
5.0
1.5
4.0
21.0
21.9
21.5
31.5
51.5
106.0
106.0
106.0
3.0
10.0
3.3333333
21.0
21.0
21.0
-20.0
-20.0
31.0
51.0
3.0
21.0
11.0
21.0
21.0
31.0
21.0
10.0
11.0
0.005
21.0
21.0
31.0
21.0
21.0
3.0
2.0
21.0
31.0
11.0
21.0
31.0
51.0
11.0
10.0
21.0
6.0
7.0
21.0
2.0
2.0
83.0
243.0
83.0
22.0
22.0
12.0
12.0
21.0
50.0
2.0
21.0
10.0
6.0
